// Copyright 2024 bhipp
#include<iostream>
using std::cout;
using std::endl;
#include"program3functions.h"
#include"p3compares.h"

int main() {
  int array1[kSquareSize][kSquareSize] = {{0, 1, 2, 3, 4, 5, 6, 7, 8, 9},
                        {10, 11, 12, 13, 14, 15, 16, 17, 18, 19},
                        {20, 21, 22, 23, 24, 25, 26, 27, 28, 29},
                        {30, 31, 32, 33, 34, 35, 36, 37, 38, 39},
                        {40, 41, 42, 43, 44, 45, 46, 47, 48, 49},
                        {50, 51, 52, 53, 54, 55, 56, 57, 58, 59},
                        {60, 61, 62, 63, 64, 65, 66, 67, 68, 69},
                        {70, 71, 72, 73, 74, 75, 76, 77, 78, 79},
                        {80, 81, 82, 83, 84, 85, 86, 87, 88, 89},
                        {90, 91, 92, 93, 94, 95, 96, 97, 98, 99}};
  const int correct_array1[kSquareSize][kSquareSize] =
                       {{0, 10, 20, 30, 40, 50, 60, 70, 80, 90},
                        {1, 11, 21, 31, 41, 51, 61, 71, 81, 91},
                        {2, 12, 22, 32, 42, 52, 62, 72, 82, 92},
                        {3, 13, 23, 33, 43, 53, 63, 73, 83, 93},
                        {4, 14, 24, 34, 44, 54, 64, 74, 84, 94},
                        {5, 15, 25, 35, 45, 55, 65, 75, 85, 95},
                        {6, 16, 26, 36, 46, 56, 66, 76, 86, 96},
                        {7, 17, 27, 37, 47, 57, 67, 77, 87, 97},
                        {8, 18, 28, 38, 48, 58, 68, 78, 88, 98},
                        {9, 19, 29, 39, 49, 59, 69, 79, 89, 99}};

  SwapRowsAndColumns(array1);
  cout << "Test 1\n";
  cout << PercentMatch(correct_array1, array1) << "% match\n" << endl;

  int array2[kSquareSize][kSquareSize] = {{1, 1, 1, 2, 2, 2, 3, 3, 3, 4},
                        {-4, 11, 12, -4, 14, 15, -54, 17, 18, 722},
                        {-31, 21, 979, 23, 473, 25, 26, 27, -2, 29},
                        {30, 2, 32, -20, 34, 213, 36, 37, 38, 39},
                        {456, 41, 42, 1, 44, 9, 46, 47, 48, -41},
                        {-8, 51, 52, -18, 54, -9, 11, 57, -47, 59},
                        {333, 61, 3, 63, -8, 65, 66, -1, 68, 69},
                        {-91, 71, 72, -4, 74, 0, 0, 77, 78, 79},
                        {80, -4, 82, 111, 84, -7, 86, 87, 88, -77},
                        {703, 91, 92, 93, 94, 95, 357, 97, 625, 401}};
  const int correct_array2[kSquareSize][kSquareSize] =
                       {{1, -4, -31, 30, 456, -8, 333, -91, 80, 703},
                        {1, 11, 21, 2, 41, 51, 61, 71, -4, 91},
                        {1, 12, 979, 32, 42, 52, 3, 72, 82, 92},
                        {2, -4, 23, -20, 1, -18, 63, -4, 111, 93},
                        {2, 14, 473, 34, 44, 54, -8, 74, 84, 94},
                        {2, 15, 25, 213, 9, -9, 65, 0, -7, 95},
                        {3, -54, 26, 36, 46, 11, 66, 0, 86, 357},
                        {3, 17, 27, 37, 47, 57, -1, 77, 87, 97},
                        {3, 18, -2, 38, 48, -47, 68, 78, 88, 625},
                        {4, 722, 29, 39, -41, 59, 69, 79, -77, 401}};

  SwapRowsAndColumns(array2);
  cout << "Test 2\n";
  cout << PercentMatch(correct_array2, array2) << "% match\n" << endl;
  return 0;
}
